timestamp: 2025-12-12T18:15:33
command: homography (A.2)
imgA: data/r1.png
imgB: data/r2.png
pairs: 12
points_file: out/a/2_homography/r2/r1_to_r2.npz
viz_pair: out/a/2_homography/r2/a2b_points.png
viz_imgA: out/a/2_homography/r2/a2b_points_imgA.png
viz_imgB: out/a/2_homography/r2/a2b_points_imgB.png
viz_reprojection: out/a/2_homography/r2/a2b_points_reprojection.png

time_load_s: 0.000000
time_click_s: 246.424675
time_computeH_s: 0.000235
time_total_s: 246.980528

reprojection_mean_px: 7.730348
reprojection_rms_px: 8.543990
reprojection_per_point_px: [14.2411  9.1163  4.2217 13.6285  3.0326  4.6783  8.863  10.635   5.2313
  6.6657  8.9158  3.535 ]

H:
[[ 1.00062433e+00 -7.69295310e-02 -4.87212749e+02]
 [ 4.84562382e-02  9.43257395e-01  1.05051425e+03]
 [ 4.48850451e-06 -1.85047046e-05  1.00000000e+00]]

A shape: (24, 8)
[[ 7.776053e+02  1.153976e+03  1.000000e+00  0.000000e+00  0.000000e+00
   0.000000e+00 -1.594166e+05 -2.365762e+05]
 [ 0.000000e+00  0.000000e+00  0.000000e+00  7.776053e+02  1.153976e+03
   1.000000e+00 -1.712334e+06 -2.541124e+06]
 [ 1.397151e+03  1.479666e+03  1.000000e+00  0.000000e+00  0.000000e+00
   0.000000e+00 -1.141764e+06 -1.209196e+06]
 [ 0.000000e+00  0.000000e+00  0.000000e+00  1.397151e+03  1.479666e+03
   1.000000e+00 -3.600076e+06 -3.812694e+06]
 [ 1.135130e+03  4.928004e+02  1.000000e+00  0.000000e+00  0.000000e+00
   0.000000e+00 -6.913635e+05 -3.001456e+05]
 [ 0.000000e+00  0.000000e+00  0.000000e+00  1.135130e+03  4.928004e+02
   1.000000e+00 -1.790800e+06 -7.774506e+05]
 [ 3.402716e+03  1.352328e+03  1.000000e+00  0.000000e+00  0.000000e+00
   0.000000e+00 -9.621762e+06 -3.823940e+06]
 [ 0.000000e+00  0.000000e+00  0.000000e+00  3.402716e+03  1.352328e+03
   1.000000e+00 -8.559554e+06 -3.401791e+06]
 [ 2.109751e+03  4.364781e+02  1.000000e+00  0.000000e+00  0.000000e+00
   0.000000e+00 -3.356675e+06 -6.944492e+05]
 [ 0.000000e+00  0.000000e+00  0.000000e+00  2.109751e+03  4.364781e+02
   1.000000e+00 -3.297382e+06 -6.821824e+05]
 [ 1.649377e+03  9.335839e+02  1.000000e+00  0.000000e+00  0.000000e+00
   0.000000e+00 -1.820448e+06 -1.030414e+06]
 [ 0.000000e+00  0.000000e+00  0.000000e+00  1.649377e+03  9.335839e+02
   1.000000e+00 -3.357377e+06 -1.900350e+06]
 [ 2.386465e+03  2.479207e+02  1.000000e+00  0.000000e+00  0.000000e+00
   0.000000e+00 -4.451459e+06 -4.624451e+05]
 [ 0.000000e+00  0.000000e+00  0.000000e+00  2.386465e+03  2.479207e+02
   1.000000e+00 -3.338319e+06 -3.468052e+05]
 [ 3.113758e+03  7.131922e+02  1.000000e+00  0.000000e+00  0.000000e+00
   0.000000e+00 -8.034562e+06 -1.840280e+06]
 [ 0.000000e+00  0.000000e+00  0.000000e+00  3.113758e+03  7.131922e+02
   1.000000e+00 -5.812064e+06 -1.331227e+06]
 [ 2.273820e+03  1.773521e+03  1.000000e+00  0.000000e+00  0.000000e+00
   0.000000e+00 -3.851575e+06 -3.004129e+06]
 [ 0.000000e+00  0.000000e+00  0.000000e+00  2.273820e+03  1.773521e+03
   1.000000e+00 -6.599574e+06 -5.147498e+06]
 [ 3.319457e+03  1.739238e+03  1.000000e+00  0.000000e+00  0.000000e+00
   0.000000e+00 -9.101829e+06 -4.768927e+06]
 [ 0.000000e+00  0.000000e+00  0.000000e+00  3.319457e+03  1.739238e+03
   1.000000e+00 -9.642575e+06 -5.052253e+06]
 [ 3.916963e+03  1.467422e+03  1.000000e+00  0.000000e+00  0.000000e+00
   0.000000e+00 -1.315732e+07 -4.929158e+06]
 [ 0.000000e+00  0.000000e+00  0.000000e+00  3.916963e+03  1.467422e+03
   1.000000e+00 -1.036152e+07 -3.881760e+06]
 [ 2.528495e+03  7.891049e+02  1.000000e+00  0.000000e+00  0.000000e+00
   0.000000e+00 -5.032168e+06 -1.570463e+06]
 [ 0.000000e+00  0.000000e+00  0.000000e+00  2.528495e+03  7.891049e+02
   1.000000e+00 -4.855846e+06 -1.515436e+06]]

b shape: (24,)
[ 205.009727 2202.060769  817.20899  2576.726717  609.061241 1577.61752
 2827.671369 2515.506791 1591.028858 1562.924738 1103.718245 2035.542569
 1865.294128 1398.855336 2580.342867 1866.575572 1693.878335 2902.416725
 2741.963473 2904.865522 3359.06033  2645.293035 1990.182778 1920.449108]
