timestamp: 2025-12-11T22:11:05
command: homography (A.2)
imgA: data/redFrame.JPG
imgB: data/form.png
pairs: 4
points_file: out/3_wrap/frame/frame_to_form.npz
viz_pair: out/3_wrap/frame/frame_points.png
viz_imgA: out/3_wrap/frame/frame_points_imgA.png
viz_imgB: out/3_wrap/frame/frame_points_imgB.png
viz_reprojection: out/3_wrap/frame/frame_points_reprojection.png

time_load_s: 0.000000
time_click_s: 30.513348
time_computeH_s: 0.000170
time_total_s: 30.575006

reprojection_mean_px: 0.000000
reprojection_rms_px: 0.000000
reprojection_per_point_px: [1.3607e-08 1.6670e-08 1.0353e-08 1.2847e-08]

H:
[[ 4.73512767e-01  7.43086824e-02 -4.32906522e+02]
 [ 5.78771649e-03  6.12240523e-01 -4.18983078e+02]
 [ 8.68266675e-06  1.48174947e-04  1.00000000e+00]]

A shape: (8, 8)
[[ 9.780642e+02  8.217884e+02  1.000000e+00  0.000000e+00  0.000000e+00
   0.000000e+00 -7.899326e+04 -6.637166e+04]
 [ 0.000000e+00  0.000000e+00  0.000000e+00  9.780642e+02  8.217884e+02
   1.000000e+00 -7.771641e+04 -6.529883e+04]
 [ 7.850621e+02  2.250872e+03  1.000000e+00  0.000000e+00  0.000000e+00
   0.000000e+00 -6.213875e+04 -1.781596e+05]
 [ 0.000000e+00  0.000000e+00  0.000000e+00  7.850621e+02  2.250872e+03
   1.000000e+00 -5.644196e+05 -1.618262e+06]
 [ 3.200842e+03  2.240029e+03  1.000000e+00  0.000000e+00  0.000000e+00
   0.000000e+00 -2.940667e+06 -2.057952e+06]
 [ 0.000000e+00  0.000000e+00  0.000000e+00  3.200842e+03  2.240029e+03
   1.000000e+00 -2.285748e+06 -1.599623e+06]
 [ 3.007840e+03  8.066085e+02  1.000000e+00  0.000000e+00  0.000000e+00
   0.000000e+00 -2.760117e+06 -7.401770e+05]
 [ 0.000000e+00  0.000000e+00  0.000000e+00  3.007840e+03  8.066085e+02
   1.000000e+00 -2.422366e+05 -6.496029e+04]]

b shape: (8,)
[ 80.764898  79.459418  79.151383 718.94896  918.716712 714.108417
 917.641036  80.535094]
