timestamp: 2025-12-12T01:23:57
command: homography (A.2)
imgA: data/pink.JPG
imgB: data/form.png
pairs: 4
points_file: out/3_warp/pink/src_to_form.npz
viz_pair: out/3_warp/pink/points.png
viz_imgA: out/3_warp/pink/points_imgA.png
viz_imgB: out/3_warp/pink/points_imgB.png
viz_reprojection: out/3_warp/pink/points_reprojection.png

time_load_s: 0.000000
time_click_s: 38.765505
time_computeH_s: 0.000222
time_total_s: 38.827351

reprojection_mean_px: 0.000000
reprojection_rms_px: 0.000000
reprojection_per_point_px: [7.3370e-09 3.1792e-08 1.3061e-08 1.5300e-08]

H:
[[ 7.69675913e-01 -2.37932324e-01 -1.47460050e+02]
 [ 1.22433678e-01  4.35470892e-01 -7.71896250e+02]
 [ 1.07332667e-05 -4.02357844e-05  1.00000000e+00]]

A shape: (8, 8)
[[ 8.185900e+02  1.711070e+03  1.000000e+00  0.000000e+00  0.000000e+00
   0.000000e+00 -6.572662e+04 -1.373860e+05]
 [ 0.000000e+00  0.000000e+00  0.000000e+00  8.185900e+02  1.711070e+03
   1.000000e+00 -6.396555e+04 -1.337050e+05]
 [ 1.184287e+03  2.911512e+03  1.000000e+00  0.000000e+00  0.000000e+00
   0.000000e+00 -9.430609e+04 -2.318468e+05]
 [ 0.000000e+00  0.000000e+00  0.000000e+00  1.184287e+03  2.911512e+03
   1.000000e+00 -8.476259e+05 -2.083846e+06]
 [ 2.111781e+03  2.680963e+03  1.000000e+00  0.000000e+00  0.000000e+00
   0.000000e+00 -1.939208e+06 -2.461877e+06]
 [ 0.000000e+00  0.000000e+00  0.000000e+00  2.111781e+03  2.680963e+03
   1.000000e+00 -1.510061e+06 -1.917063e+06]
 [ 1.785833e+03  1.448722e+03  1.000000e+00  0.000000e+00  0.000000e+00
   0.000000e+00 -1.639896e+06 -1.330333e+06]
 [ 0.000000e+00  0.000000e+00  0.000000e+00  1.785833e+03  1.448722e+03
   1.000000e+00 -1.442716e+05 -1.170375e+05]]

b shape: (8,)
[ 80.292472  78.141133  79.631077 715.726438 918.280627 715.065042
 918.280627  80.786715]
